1899  -999.99  -999.99  -999.99  -999.99  -999.99  -999.99  -999.99  -999.99  -999.99  -999.99  -999.99    42.61
1900    52.84    35.22    62.30    68.55    56.32    37.10    93.93   106.36   128.89   104.78    60.65   145.55
1901    80.08    63.46    66.53    39.84    50.88    63.50    41.27   126.82    54.11   125.51   142.57    72.32
1902   157.53    68.37    60.21    22.27    44.93    30.95    83.94   110.78    85.40   115.71    74.37    98.27
1903    84.98   156.58   121.38    45.76    58.12    52.06    86.69   122.22    68.56    95.18   123.15    68.74
1904    90.13    29.95    50.11    55.91    51.73    56.58    65.13    73.92    50.92   111.76   108.99   106.78
1905   155.25   121.64    45.21    47.30    56.15    58.50    95.18    88.17   109.86    75.88    80.28   141.07
1906   103.13    60.66   104.88    86.52    78.01    46.19    77.06   117.85    87.87    95.82   115.99    93.48
1907   127.49    97.87    84.27    35.57    55.54    77.16    84.72   100.74   139.81    95.05    56.10    66.18
1908   142.04   106.15    39.06    39.15    56.25    59.40    85.31    90.51    79.21    97.22   115.66    93.01
1909   135.31    59.23    30.17    46.01    54.25    50.73    87.03   162.51    75.86   152.86    97.66   103.35
1910   109.53    74.25    67.77    82.04    55.62    61.99    61.97    80.51   102.99   108.01    65.31    81.30
1911   131.40   103.22    61.36    78.76    30.68    69.60    63.78    70.09   116.42   102.21    82.32    70.38
1912    66.85    53.37    55.56    52.10    57.10    57.18    53.17   135.63    83.22    86.06   105.89   117.76
1913    51.98    96.48   103.58    50.99    53.66    53.62    72.68    75.12    57.21   114.37   131.41   137.09
1914   142.91    98.96    61.88   100.86    65.16    51.23    53.35    76.77   137.12    61.51    96.82   101.16
1915    70.24    44.34    66.06    74.44    53.76    51.37   119.52    94.77    70.88    27.35    95.12    47.95
1916   148.14    56.28    39.22    50.33    51.69    68.81    76.39    71.90   109.09   127.99   130.87    68.24
1917    39.39    68.68    53.86    52.77    55.03    84.51    60.43   119.53   160.15   100.83   128.45   116.55
1918   115.61    75.86    59.16    22.25    46.16    90.91    70.52   101.68   141.27   102.86    98.53    63.40
1919    51.98    60.93    57.50    80.11    22.35    77.81    47.30   114.14   173.78    85.04    52.51    41.97
1920   120.65   129.76   118.50    61.77    71.53    58.85   127.29   108.85    82.21    49.90   113.61    63.25
1921   149.61    83.76   121.19    54.35    94.05    83.75    89.92   116.89   112.36   169.50    66.29   119.44
1922    45.78    55.98    62.55    50.68    94.73    62.02    93.25   101.00    92.38    77.28   118.19   111.27
1923   133.58    32.61    37.03    22.64    79.57    78.12    66.39    96.33   155.66   136.77   101.27    69.39
1924    72.52    73.39    56.93    42.10    60.92    78.54    88.41   117.32   139.21    86.66    96.83   143.04
1925   166.80    97.28    65.82    48.82    64.84    66.57    68.78    95.63   121.75   137.08    94.71    78.03
1926    53.14    52.62    94.48    56.06    59.54    68.33    88.26   101.71   115.60    84.69   121.29   133.24
1927   117.53    69.01    75.29    73.94    48.84   121.88    63.06   107.25   100.52   133.56    63.72    37.77
1928    87.29    95.55    37.61    36.73    28.80    77.75   124.52    99.07    98.15   110.31    93.53    82.13
1929    72.35    25.07   108.40    46.00    53.07    56.63    65.93   155.10    96.27   168.53   104.48   108.40
1930   127.35    63.30    91.11    36.63    47.11    69.15    83.03    78.13    86.45   112.55   132.82    88.39
1931    58.08    58.56    48.96    32.57    73.22    87.43    87.17    85.35    71.32   165.55    74.40   125.27
1932   177.42    86.32    48.39    48.21    41.77    44.61   103.21    85.98   176.88    95.16   105.97   119.98
1933    67.07    87.76    63.21    51.86    25.23    45.07   104.46   105.61    55.93   121.89    59.17   101.66
1934   138.84   161.33    46.86    61.39    78.76    57.47    65.01   130.24   116.74   144.24   124.31    68.30
1935   117.43   102.04    59.82    52.62    39.52    84.72    84.57    62.34   116.85   147.14    82.04    72.09
1936    80.21    40.92    41.35    58.12    18.93    44.51   132.51   119.42    87.66   102.59   102.83   179.33
1937    76.06    41.91    37.99    45.78    70.20   106.00    56.80    41.69   143.57    93.15    84.57    59.14
1938   106.58    98.15   165.93    85.35    66.03    95.36   103.18   104.08   129.08   116.27   134.73    66.73
1939    64.97   131.24    48.34    78.43    34.33   113.94   118.29    73.30    83.62    55.47   119.45    89.71
1940    63.92    52.16    50.00    61.09    21.16    48.26   110.91   126.09   133.90    62.67   109.50    95.44
1941    79.03    36.03    43.92    29.33    27.79    53.08    82.88   131.45   102.51   105.70    43.23   125.85
1942    33.82    37.66    62.75    39.90    55.33    85.41    74.99   118.21   142.83   166.57   145.45    95.70
1943    54.23   159.99   109.22   133.90    84.45    57.90    61.28   111.91    93.33   111.68    98.86   113.42
1944   143.15    67.20    72.81    52.31    53.63    81.86    69.06   123.74   111.14    91.16    75.72   106.72
1945    68.33    83.02   108.88    70.65    78.03    83.56    60.95    61.83    69.80   114.15    91.89    83.31
1946    84.48    90.89    60.93    96.87    32.16    95.24    88.10    97.88   137.40    71.10   119.70    74.38
1947    49.89    24.82    53.48    98.35    25.36    77.41    87.00    35.37   149.31   131.05    77.19    74.37
1948    63.82    64.46   114.25    63.71    55.85    87.56    81.58    91.46   167.86   165.98   130.77   119.11
1949   175.94   121.91    70.08    93.62    99.69    67.43    58.77    98.88    94.69   160.04    77.10   109.07
1950    68.92    84.39    88.52    70.02    51.75   106.61    89.11   117.37   121.68   130.14    69.66    68.51
1951    49.51    45.35    51.65    76.30    22.51    59.54   103.12   154.61   103.07    85.57   114.69   163.99
1952    88.83    89.94    43.67    63.79    50.76    98.15   104.35   114.41   118.19    52.90    48.24    70.28
1953   117.07    74.40   137.55    71.79    73.40    56.77   101.82   117.80   101.47   118.96   160.20    95.94
1954   100.73    38.05    65.66    45.79    47.23    86.09   102.07    99.04   115.71   141.11    73.17   126.51
1955    94.24    41.59    74.54    60.17    64.96    54.86    47.70    45.50   110.28   132.61   124.98   118.38
1956    84.34    42.04    50.78    39.33    70.20   100.87    65.32    94.17   113.95   128.68    86.72    97.28
1957   151.26    53.97    53.11    45.20    56.24    84.14    99.62   103.04   108.62   150.19   111.86   143.02
1958    76.92    71.73    37.05    51.67    82.44    50.39    97.98    85.26    82.49   157.90   109.35    77.44
1959    87.43   104.60    63.67    65.69    50.31    70.64    84.84   103.91   101.03    95.22    90.05    77.59
1960    76.66    55.48    29.86    57.46    44.46   105.00   110.90   102.28    72.02    61.02    71.22    77.39
1961    62.51   100.37   161.47    40.05    51.06   109.48    95.85   105.13   121.55   132.39   135.01    87.25
1962   111.96   108.29    51.56    57.52    53.82    79.72    57.86   127.50    97.63   160.81    78.99   102.79
1963    78.59    42.23    47.14    45.13    88.37    52.57    95.42   108.98   149.01   128.14    80.11    95.41
1964   132.73    74.50    25.38    46.43    66.69   131.76   124.02   124.09   126.03   135.50   134.81   119.53
1965    89.91    75.37    76.43    50.11    35.69    85.20    81.15    89.32   126.27   120.62    63.51    62.74
1966    53.35    54.36    94.87    29.51    84.67    50.64   100.26   105.32   152.74    99.64    84.44   101.62
1967    83.36    84.50   145.51    71.92    71.49    81.66   106.52   102.88    80.72   198.83   121.08   135.57
1968   100.01    83.96   118.01    62.34    47.87    91.05    46.81    40.82    92.26   147.33    69.02    64.27
1969    76.84    32.51    52.70    68.37    34.36    42.85   108.26    44.97   143.59   142.84   104.85    57.68
1970    48.71    45.32    56.74    40.16    37.90    47.25   139.21    60.47   119.50   139.29   112.61    99.94
1971   110.08    85.99    70.54    49.50    65.55    62.42    96.47    96.74   110.09   174.14   155.11   158.25
1972    29.94    31.91    81.41    62.98    41.30    99.15    80.56   107.59   105.53   112.29   138.29   112.99
1973   104.56   101.26   106.43    68.61    83.41    84.54    94.78   117.53   106.69   107.23   152.14   141.19
1974   100.34    72.83    23.85    48.00    35.46    59.56   115.58    95.18   162.48    65.26    79.49   124.96
1975   171.45    83.13    47.19    43.58    74.68    59.49    72.54    73.83   198.44   141.30   105.21   234.18
1976   124.63    90.76    58.41    73.07    41.53    61.28    71.20    48.70    95.34    97.41   112.77    51.20
1977    64.42    30.80    80.64    58.99    40.28    83.08    71.84    71.07   117.00   103.69   118.76   105.05
1978   100.72    56.80    68.03    40.87    33.14    63.49    84.87    93.83   122.64   146.43   189.19    43.48
1979    43.80    60.59    84.35    40.44    93.27    78.52    82.11   120.66   159.72    83.52   112.56    96.35
1980    57.76    49.02    38.37    45.16    44.08    86.30    51.41    81.24   116.43   134.34    97.15   150.13
1981   145.65    72.09    63.32    58.06    41.65    85.64   102.84    80.65    91.37   113.03   128.76    52.99
1982    83.62    56.81    95.86    84.62    82.50    31.94    79.89   101.47   184.82    92.06   144.73   118.66
1983   188.03    61.83    88.71    49.00    89.32    59.01    75.53   114.68   152.16   220.43   152.34   123.72
1984   102.59    52.33    49.56    51.17    55.05    83.96    72.36    98.87    77.83   174.59    82.97    84.69
1985    69.21    56.01    69.62    61.34    35.68    63.02   101.30   146.01   151.16   185.11    84.09   108.09
1986    64.86    32.68    74.46    39.75    85.80    58.60    81.15   101.99   110.96   153.95   152.52   122.82
1987    69.14    90.44    42.84    58.59    56.81    84.84    65.52   103.60   110.64   134.69    88.17   139.63
1988    92.87    73.72    46.30    79.73    38.23    33.91   157.00   110.78   166.22   113.65   131.58   144.50
1989   218.92   158.04    91.23    46.20    92.64    72.39    73.79   130.28   111.68   122.15    96.35   129.52
1990   139.75   162.93   183.66    95.47    46.29    65.16    97.04    99.78    88.38   126.50    83.45   140.88
1991   115.23    42.08    69.28    53.84    52.63    95.25    61.43    81.03   149.60    91.52   144.43   150.55
1992   187.92   110.20   100.05    50.96    72.88    49.19   115.69   134.96    88.40    78.68   116.86   170.34
1993   164.10   124.92   104.17    38.73    60.15    54.07   103.80   104.28    50.34   122.36    43.94   103.89
1994   120.50    30.06   104.67    69.40    33.61   104.96    54.12   107.94    95.08   124.58   129.70   137.75
1995   107.39   135.30    97.98    68.07    55.85    90.73    90.53    89.74    94.09   187.86   104.76    75.97
1996    37.94    65.27    33.06    50.03    55.15    86.33    73.17    86.14    69.23   140.66   112.10    86.96
1997   130.98   127.83   141.96    99.74    74.45    43.89    54.61    85.63   167.95   132.77    60.43    74.23
1998   113.13   163.61    87.29    54.92    52.37    99.61    86.19   107.03    89.37   133.24    49.32   122.38
1999    95.52   109.07    81.37    78.47    55.49   114.44   105.60    77.91   100.07   120.63   148.10   125.69
2000   162.12   128.81   130.12    74.80    74.23   118.67    72.53   114.69    89.51   118.27   118.17    85.51
2001    76.98    88.76    44.12    75.40    62.08    66.36   133.84   125.54    72.42   150.52   159.87    84.43
2002   151.34   121.26    99.10    45.57    67.19    73.83   101.66    59.24   106.38    88.96    45.57    56.63
2003   140.83    48.22   101.75    41.23   100.42    67.87    83.71   109.50   147.24    95.35    61.14   175.96
2004    67.02    98.12    59.40    59.51    67.45    87.52    82.83   104.68   159.06    86.50   167.55   161.79
2005   199.22    72.58    54.96    63.74    96.91    85.61    70.45   123.04   144.58   123.41   172.16   101.29
2006    91.93    91.07    48.81    56.09    68.84    67.84    74.96    88.42   115.49   141.77   164.89   190.16
2007   178.37    70.27    90.51   102.48    86.52    40.99   118.38   115.13   130.45   112.34   140.79   120.25
2008   134.76   138.74    86.97    55.41    52.46    86.20    58.94    92.56    80.85   166.97   132.11    79.33
2009   124.02    72.48    72.13    57.57    89.41    50.27   112.78   121.52   165.88    83.30   109.79    57.08
2010    48.41    40.64    95.78    62.81    57.64    87.53   118.88    98.50    93.45    98.18    55.99    57.52
2011   119.64    78.08   121.04    82.76    89.80   122.42   117.54   122.98   142.49   154.74   132.57   152.57
2012    93.06   104.98   130.71    71.73    68.83    69.98   108.94    89.46   132.71   120.37   120.20    61.86
2013    80.47    53.39    59.97    77.10    91.79   116.00    82.11   115.88    73.86   133.08   144.04   201.53
2014    54.73    82.40   128.42    74.10    54.42    53.00    62.97   117.28    94.83   151.39    83.29   146.29
2015   146.43   109.16    99.05    82.21    99.36    90.39    92.23    97.35   113.84    94.45   148.55   198.60
2016    81.79    94.17    65.42    56.04    54.56    62.33   105.16   122.53   106.47    61.39   115.46   184.08
2017   143.83    73.82   101.34    90.32    62.04    98.31   105.12   130.41    79.22   165.50   140.69   144.64
2018    96.40    39.01    49.15    55.96    37.74    78.78    45.15   156.99   208.91   149.70    78.76    95.67
2019   119.77   101.12   119.30    22.58    92.92   103.46    66.14   122.28   147.54   106.59    66.23   150.65
2020   208.46   150.63   128.23    81.87    64.67    57.68   123.37    83.41   149.48   112.63  -999.99  -999.99
