1899  -999.99  -999.99  -999.99  -999.99  -999.99  -999.99  -999.99  -999.99  -999.99  -999.99  -999.99    -3.15
1900    -2.17    -7.19    -3.21    -0.87     3.05     9.90     9.03     9.44     6.15     1.70     0.26    -0.48
1901    -2.76    -5.89    -3.28     2.13     5.57     8.30    14.00    10.76     9.09     5.33    -2.23    -2.82
1902    -0.58    -4.42    -2.34     0.52     2.67     8.30     7.01     7.56     4.97     2.05    -0.60    -3.51
1903    -2.83    -0.57     0.08    -0.35     4.07     6.74     8.95     8.28     7.25     2.12    -0.48    -1.16
1904    -0.42    -5.69    -3.03     0.66     3.35     7.00     9.12     9.09     6.80     3.24    -1.63    -1.05
1905    -1.94    -2.45    -0.76    -1.63     3.45     9.22     9.50     9.28     5.68    -0.48    -0.76     0.82
1906    -2.00    -2.54    -3.14     0.50     4.42     8.22     8.85     9.47     7.35     4.09     2.24    -2.69
1907    -2.64    -2.43    -1.96     0.70     3.40     6.81     8.38     6.90     5.23     6.13     0.46    -1.88
1908    -1.12    -1.61    -3.03     0.08     3.99     7.48    10.22     9.77     6.69     4.40    -0.64    -0.54
1909    -0.62    -4.16    -4.66    -0.49     2.41     7.20     8.40     8.05     6.16     4.61    -1.41    -2.36
1910    -3.19    -0.55    -0.63     0.71     5.83     8.51    10.75    11.42     6.96     3.00    -1.86     0.08
1911    -1.98    -1.84    -2.97    -0.13     6.69     7.75     9.61    10.87     6.37     1.33    -1.05     1.16
1912    -4.15    -2.35     0.14     0.21     3.79     8.70    12.25     9.75     5.42     2.87    -0.67     0.46
1913    -2.91    -0.79    -0.98     1.31     5.37     7.92    10.15     9.56     7.43     3.94     2.44    -2.31
1914    -3.24     1.07    -2.06     1.86     2.81     8.14    13.32    11.00     6.63     2.95    -0.82    -0.54
1915    -3.06    -1.99    -4.37    -0.10     2.41     5.78     8.85     9.96     5.49     0.91    -2.73    -5.96
1916    -0.22    -2.78    -4.63     1.22     4.48     7.06    10.21     9.59     5.36     2.11     1.64    -0.74
1917    -8.02    -3.57    -4.95    -2.26     3.75     8.57     9.64    12.79     6.60     2.32     0.18    -2.74
1918    -4.29    -1.64    -1.38     1.91     5.94     5.81    10.33     9.62     4.73     4.19     1.64    -1.55
1919    -2.06    -5.38    -3.45    -0.49     6.62     6.82    11.08     7.40     5.89     1.65    -4.39    -3.70
1920    -2.27    -0.52     0.71     1.50     5.03     7.99     9.25     8.81     6.82     3.10     1.42    -1.59
1921    -1.20    -1.17     0.08     2.50     4.05     5.05     8.30     8.44     5.47     3.55    -2.21     0.29
1922    -4.11    -3.74    -2.33    -0.62     2.56     5.83     8.80     8.54     5.68     0.57     0.14     0.20
1923    -0.67    -4.84    -0.37    -0.23     2.00     3.33     9.35     8.58     5.74     3.02    -2.24    -4.00
1924    -1.28    -4.93    -5.14    -1.29     2.88     6.02     9.05    10.20     7.24     4.56     1.61     2.95
1925     0.34    -1.02    -3.89     1.01     5.42     7.33    12.98    10.66     6.17     1.35    -2.64    -4.24
1926    -1.72    -1.62    -2.22     2.87     3.94     8.81    10.68    10.22     6.41    -0.77     1.51    -1.65
1927    -0.83    -2.02    -0.11    -1.40     1.43     4.97    11.75    11.14     6.64     2.13    -2.44    -6.53
1928    -1.53    -1.67    -1.99     1.83     3.85     4.35     6.32     8.79     5.30     2.75     0.19    -2.23
1929    -5.52    -6.20    -0.40    -1.13     4.81     5.77     8.52     7.75     6.38     2.83     1.18     1.28
1930     0.90    -2.82    -1.97     3.05     5.35     8.58    11.38    11.52     6.94     3.68    -0.98     0.64
1931    -3.16    -3.71    -5.06    -0.50     5.22     4.43     9.97     9.21     4.28     1.65     3.03    -1.69
1932     1.24    -0.86    -3.59    -0.43     5.08     6.71    10.32     9.80     5.27     1.00    -0.21     0.37
1933    -0.21    -3.88    -1.32    -0.08     5.52    11.53    11.23     9.82     8.22     3.34    -1.67    -1.54
1934     1.05    -0.07    -1.55     0.68     3.77     7.78    10.97    11.02     8.92     3.70    -0.07     1.93
1935    -2.02    -2.63    -3.25    -0.01     3.02     7.62     9.40    10.52     6.43     2.36     2.32    -2.01
1936    -1.94    -3.75    -1.55    -0.35     5.65     9.24    11.16    10.03     6.45     1.68     0.24     0.99
1937    -1.36    -4.85    -4.18     3.17     6.23     6.99    11.88    12.67     6.61     5.68    -1.08    -4.67
1938    -0.86    -1.57     0.45    -0.11     3.21     5.76     9.82    10.77     7.99     4.73     2.63    -0.21
1939    -3.48    -0.14    -1.55     0.03     4.52     6.97     9.75    12.25     8.23     0.71     0.89    -3.51
1940    -6.09    -7.83    -3.91    -0.60     6.28     8.49     9.55     8.00     4.82     2.92     0.19    -2.59
1941    -8.82    -6.05    -4.34    -1.02     3.41     7.87    12.52     9.35     6.88     1.69    -0.25    -1.35
1942    -9.85    -7.35    -5.80     0.67     3.69     5.54     8.61    10.21     6.53     2.93     0.91    -0.21
1943    -3.77     0.00     0.38     0.53     4.12     7.73    10.24     8.50     6.87     5.28    -0.42    -1.25
1944    -0.91    -2.94    -3.40    -0.45     2.34     6.27    10.99    10.59     6.50     4.28    -0.87    -0.37
1945    -6.77    -1.22     0.26     1.29     4.55     7.14    11.26    12.14     7.02     4.14     0.06    -1.79
1946    -2.08    -3.97    -2.82     1.19     5.17     6.77    10.47    10.06     7.40     2.24     0.93    -0.35
1947    -3.64   -10.64    -6.21    -0.25     7.08     8.70    10.94    12.92     7.60     2.25    -1.25    -2.69
1948    -4.47    -2.88    -0.18     2.13     4.80     7.27    10.66     9.62     6.45     1.64     0.23     1.89
1949    -0.15    -0.26    -3.44     1.00     4.04     7.10     9.92     8.83    10.16     4.16     1.90    -1.13
1950    -1.98    -2.32    -0.90     0.74     4.74     6.74     9.98    11.76     6.62     3.54    -0.24    -3.62
1951    -3.29    -1.82    -4.53    -0.87     4.10     6.45     7.80    10.50     7.95     4.68     1.54     0.85
1952    -3.90    -2.82    -3.15     2.28     5.02     5.05     8.28     8.93     4.02     1.55    -3.38    -2.21
1953    -1.93    -3.96     0.06     0.21     4.19    11.06     9.90     9.91     7.18     5.58     2.99     0.82
1954    -3.91    -5.09    -1.75    -0.17     6.73     7.22     9.33    10.20     5.85     2.63     0.69     0.10
1955    -3.14    -6.54    -4.00    -0.48     1.92     6.23    11.37    12.02     7.53     2.04     1.24    -3.56
1956    -3.77    -6.71    -2.05    -0.81     3.96     5.88     9.76     8.42     7.24     2.48    -0.01    -0.82
1957    -0.33    -2.76    -0.81     0.84     3.23     5.84     9.56     9.56     5.32     3.42     0.12    -1.28
1958    -3.60    -6.32    -6.31    -0.66     2.33     7.58     9.37    10.13     8.81     4.93     2.36    -3.01
1959    -5.31    -2.25     0.54     2.32     5.09     7.42    10.53    10.79     6.87     3.93     2.70    -0.22
1960    -4.46    -3.79    -0.57     1.06     5.84     8.39     9.56    10.89     7.45     1.92     0.36    -2.01
1961    -3.79     0.25    -0.03     0.92     4.32     7.07     8.90     8.89     8.29     6.81     1.80    -2.67
1962    -0.43    -2.27    -5.85     0.00     3.13     5.25     8.74     8.19     5.99     4.32    -0.88    -3.19
1963    -6.51    -7.56    -2.61     1.32     5.07     9.60     8.78    10.84     6.68     3.86     0.16    -2.30
1964    -0.64    -2.07    -2.02     1.38     4.91     5.86     7.59     8.68     5.43     2.98     0.38    -1.78
1965    -3.13    -2.65    -3.53     1.28     3.78     7.28     8.35     8.88     8.03     4.37    -3.25    -5.26
1966    -5.74    -6.55    -2.00    -2.10     3.68     9.61     8.62     9.32     5.76     3.30    -0.60    -1.83
1967    -4.18    -0.93    -0.72    -0.49     3.63     6.10     8.33     9.54     8.02     3.14     2.48    -2.50
1968    -4.02    -4.52    -2.32    -0.02     3.02     7.89     9.41    10.75     8.42     2.53    -2.63    -2.96
1969    -1.16    -7.12    -4.90     0.89     4.94     9.28     8.98    13.36     6.53     4.49    -2.67    -3.58
1970    -4.11    -6.69    -3.80    -1.93     4.97    10.18     7.99    10.76     6.00     3.25    -1.28    -1.57
1971    -0.99    -0.46    -3.39     0.32     5.26     6.63     8.86     9.73     6.44     2.90    -1.64     1.39
1972    -3.69    -2.64    -0.70     0.89     5.83     7.36    10.95     9.06     5.01     3.59    -0.30     2.13
1973     0.97    -2.21     0.45    -1.38     3.89     6.96    10.70     8.44     6.01     1.12    -2.16    -2.03
1974     1.99    -0.11    -0.69     2.13     5.24     8.02     7.63     9.37     7.06     1.88     0.12     0.34
1975     0.76    -1.43    -1.88    -0.61     3.99     6.22     9.89    12.00     6.50     3.63     1.31     0.33
1976    -4.13    -2.42    -4.21    -0.44     5.54     7.25    10.10    10.54     4.62     3.70     0.69    -4.63
1977    -3.97    -5.08    -0.54    -1.65     4.43     6.82     9.25     9.91     5.01     5.12    -0.45     0.33
1978    -1.58    -5.73    -1.90    -0.48     5.38     8.51     9.32    10.07     5.25     3.73     1.02    -6.33
1979    -6.85    -5.13    -2.26     0.43     2.34     7.93     7.78     8.92     5.33     2.82    -0.50    -3.15
1980    -4.61    -3.94    -3.25     0.75     5.15     9.44    11.00    10.29     7.59     0.99    -2.87    -1.56
1981    -3.42    -4.20    -2.82    -0.70     6.03     5.98     8.74     8.84     8.27     2.33    -0.63    -8.15
1982    -4.51    -1.03     0.05     0.26     4.16     7.71    10.35    10.43     6.37     4.60     1.25    -0.81
1983     0.41    -3.89    -1.37     0.83     4.70     6.57     9.41     9.40     6.67     3.12    -0.09    -0.57
1984    -4.05    -1.91    -3.56     1.30     5.78     7.32     9.16    10.17     6.07     4.08     2.78     0.67
1985    -5.62    -4.72    -2.17    -0.53     5.58     7.46     9.63     9.62     4.62     4.81    -3.89    -3.47
1986    -6.17    -7.61    -0.25    -1.31     4.85     8.95     8.71     8.73     3.79     3.91     2.29    -1.59
1987    -7.59    -3.01    -4.24     1.90     3.47     6.05     9.44     8.80     5.46     5.64     0.34    -0.61
1988     0.43    -1.02    -3.49    -1.30     6.00     9.66    10.43    10.13     7.67     2.96    -0.35    -0.40
1989     2.79     0.92     0.24     1.56     3.82     7.49     9.17     8.59     6.90     3.48     1.26    -1.36
1990     1.28     2.63     0.45     1.34     5.31     8.66     9.17    10.11     5.83     4.25    -0.17     0.17
1991    -0.64    -3.95     0.69     1.69     3.23     5.41    11.59    10.77     6.23     2.94     0.98     0.61
1992     1.13    -0.12    -0.63     0.10     6.20     9.87     8.71     8.79     7.40     0.26    -0.13     0.26
1993     0.00    -0.63    -1.78     1.75     5.82     6.04     7.86     8.08     5.47     2.11    -1.78    -3.24
1994    -2.22    -6.55    -2.14     1.29     3.87     4.89    11.68    10.51     6.27     2.21     2.06     0.58
1995    -0.66    -0.95    -1.41    -0.54     3.31     7.59     9.39    10.43     7.57     5.43    -1.12    -4.83
1996    -2.56    -4.50    -2.73     1.34     3.09     6.78     7.72    12.65     6.27     4.73    -3.48    -3.63
1997    -1.66    -0.33    -1.15    -0.99     3.27     8.97    11.82    13.52     6.85     1.32     0.53    -0.71
1998    -0.25     0.69    -2.53     1.13     4.64     6.73     8.59     8.86     8.75     1.88    -1.78    -0.16
1999    -1.24    -2.08    -0.58     2.02     3.81     7.28     9.67    10.55    10.49     3.43     2.81    -3.07
2000     0.26    -1.29    -1.87     1.75     5.67     5.92     9.67     9.34     8.08     6.60     3.76    -0.45
2001    -1.29    -5.07    -3.91     0.36     4.66     6.77    10.19    10.03     7.43     5.62     0.39    -2.92
2002    -0.33    -0.78    -1.50     2.91     6.73     9.37    10.38    14.42     8.47     0.90    -2.06    -3.63
2003    -1.50    -1.96     0.33     2.64     4.17     8.94    12.73    11.34     7.50     0.93     2.67    -0.04
2004    -2.37    -1.33    -0.39     3.48     5.16     7.24     9.31    12.36     7.58     3.98     0.16     0.97
2005     0.83    -2.09    -1.75     2.27     3.41     6.52    11.44     9.86     7.68     5.75     2.03    -0.90
2006    -0.68    -1.43    -5.21     0.33     5.27     8.21    12.61    13.23    10.35     5.29     2.97     3.44
2007     0.12    -2.69     1.37     2.08     4.04     9.75    10.00     9.90     5.70     3.97    -0.30    -1.17
2008     0.88     0.87    -1.97     1.82     5.82     7.92    11.97    10.77     7.84     3.21     0.46    -0.98
2009    -0.23    -3.04    -0.08     4.07     5.59     7.91    11.48    11.12     7.98     1.80     2.41    -2.71
2010    -6.48    -6.57    -1.35     1.32     3.57     7.36    11.03    11.22     7.28     3.13    -4.08    -7.51
2011    -1.29    -3.24    -1.33     3.58     5.19     7.98    10.88    10.93     8.52     5.00     3.76    -0.07
2012    -1.10    -1.32     1.73    -0.04     4.67     6.91     9.39    10.67     5.85     1.94     1.78    -4.63
2013    -4.05    -4.57    -5.01    -0.38     6.07     7.80    10.77    10.74     7.92     4.62     1.35     2.07
2014    -0.52     2.29     1.48     3.21     5.80     8.85    13.98    11.09     8.77     6.16     3.03    -0.32
2015     0.17     0.25     0.79     0.88     3.23     5.85     8.81    11.90     8.62     4.95     2.59     2.08
2016    -3.36    -1.49     0.02     0.86     6.22     9.46    10.06    10.18    10.55     3.40    -0.44     2.50
2017     0.39    -0.50    -0.28     0.77     6.13     7.83     9.59    10.03     9.15     4.87     0.20    -0.78
2018    -0.74    -3.08    -4.05     1.93     9.32     9.27    13.25    10.07     7.53     3.89     2.48     0.17
2019    -0.98     1.14    -0.37     4.24     4.18     8.90    11.41    12.08     7.01     3.00    -0.92     1.40
2020     2.91     0.58     0.10     1.68     3.14    11.70     8.34    11.77     7.93     4.87     3.93     2.49
2021    -4.45  -999.99  -999.99  -999.99  -999.99  -999.99  -999.99  -999.99  -999.99  -999.99  -999.99  -999.99
