1899  -999.99  -999.99  -999.99  -999.99  -999.99  -999.99  -999.99  -999.99  -999.99  -999.99  -999.99    65.86
1900   117.68    21.72    91.30   115.01    78.94    27.91   112.34   103.89   222.62   241.72    81.80   367.28
1901   108.88    81.12    85.97    88.15    60.69    73.56    23.54   208.09   111.47   184.57   220.87   131.04
1902   424.73    88.64   111.57    26.42    95.32    16.77   111.28   116.53   112.84   182.13   103.10   177.85
1903   190.97   336.23   285.26    84.90   105.37    67.37   102.14   212.41    81.49   135.33   265.49    39.50
1904   134.69    41.86    68.45   115.58    77.71   102.18   111.57   100.31    58.56   227.08   193.46   248.66
1905   399.32   277.14    50.13    97.25    91.50    65.05   151.13   133.44   216.53   126.59   108.47   320.28
1906   243.50   139.47   264.40    92.95    96.39    66.74   124.75   194.56   154.46   164.34   242.03   163.23
1907   261.81   197.49   135.09    54.56    95.64   101.11    77.66   178.53   227.88   132.75    69.14    69.37
1908   350.12   243.34    27.86    38.68    64.98    69.67   111.02   147.28    96.29   125.51   235.43   169.17
1909   272.69   100.92    17.33    68.60   110.85    62.09   121.66   271.99    79.08   274.56   231.71   127.83
1910   228.33   140.59   110.33   143.26    76.93    82.31    43.80    71.35   197.46   132.17    58.33   146.61
1911   282.18   232.41    89.15   160.55    37.82   106.01    75.81   111.87   263.37   109.85   174.87    68.69
1912   120.28    90.07    90.40    75.95   106.67    69.76    58.64   143.51    91.21   147.74   194.80   312.74
1913    91.71   175.02   224.94    61.94    89.02    66.93    50.65    77.26    68.37   236.71   268.41   292.98
1914   301.03   225.97    97.80   191.32   100.28    67.69    75.17   130.84   219.83    76.54   228.47   170.85
1915   119.61    56.73   121.88   124.47    60.67    75.54   110.37   157.11    80.23    14.67   145.05    72.27
1916   369.31    92.03    60.36   103.22    63.62    78.30    92.82   108.20   157.78   250.35   228.59    75.48
1917    31.98    99.58    95.95    86.84    86.22   111.83    55.32   158.38   380.04   187.61   300.31   280.83
1918   215.04   148.29    88.89     8.54    52.37   161.28    90.58   214.20   217.76   225.92   126.42   146.10
1919    52.50    35.76   101.21   163.84    23.64   130.91    33.39   204.45   354.91   125.28    81.58    81.27
1920   245.29   312.88   240.36    80.46   127.32   105.30   181.02   116.73   103.88    13.67   260.77    85.00
1921   388.46   166.44   355.01   108.42   136.74    95.60   170.82   150.98   183.27   386.19    82.00   283.04
1922    98.88   106.75   120.74    55.40   240.31    95.23   139.07   155.48   142.30   104.25   237.71   190.29
1923   345.89    64.59    19.03    26.72   137.06   155.67    94.12   179.76   287.66   263.62   209.89   131.94
1924   124.40   175.57    97.24    63.64    84.70   118.94   127.68   151.04   237.27   104.01   146.14   294.27
1925   372.44   216.45   138.85    71.74    65.86   112.78    57.56   166.20   239.70   242.28   146.62   150.60
1926    66.66    74.45   220.06    76.33    54.23    73.07   111.61   204.39   187.78   118.17   192.92   281.53
1927   245.05    81.80    68.80   183.80    81.62    99.98    51.66   146.17   121.83   269.38   124.69    24.33
1928   196.80   230.11    29.15    31.52    27.96   142.45   228.33   138.79   187.58   173.53   158.72   170.26
1929    79.67    18.85   148.21    88.47    78.93   104.95    92.96   292.03   177.03   345.62   189.54   171.34
1930   299.22    51.98   133.04    33.92    55.00   118.82    70.81   100.18    77.48   198.42   279.78   114.18
1931   113.86   130.36    38.48    48.63    91.07   186.21   105.11    62.41    95.57   331.68    97.45   254.41
1932   363.54   111.77    51.51    79.89    43.45    81.69   124.47   106.89   283.94   146.91   206.46   178.26
1933   104.01   181.46    71.98   111.96    22.31    40.40   156.17   217.23    50.34   158.71    57.98   130.24
1934   276.14   342.68    94.73    76.94   125.93    72.30    70.52   207.64   161.00   349.42   223.33    44.34
1935   220.16   249.37   128.84    57.73    36.17   112.89   132.54    86.29   174.13   317.79   136.57    62.36
1936   126.05    39.77    45.16    86.76    17.62    33.82   146.13   203.16    75.30   224.99   181.29   421.45
1937   154.43    50.64    26.77    28.60    92.51   167.66    78.89    48.73   280.85   151.92   106.99    54.75
1938   249.58   163.89   424.15   150.00   113.75   168.42   146.83   149.65   225.98   213.52   297.00   106.87
1939    88.28   278.52   102.97   163.05    23.26   159.42   155.55    95.63   111.54    62.26   251.42   144.13
1940    80.93    90.84    99.38    76.82    29.04    46.21   154.10   201.93   281.18    53.38   250.75   167.16
1941    42.98    47.64    68.59    58.77    27.69    70.16   123.01   153.61   113.59   175.55    88.97   326.97
1942    55.16    46.66    89.15    61.85    85.01   125.90   113.09   155.49   260.35   375.80   224.97   181.63
1943   115.53   413.48   212.88   328.11   144.31    73.87    51.82   127.21   205.00   209.14   165.61   158.73
1944   335.02   134.03   140.66   113.63   119.39    99.28    82.20   200.72   176.11   120.66   131.62   158.26
1945   133.99   198.18   215.98   140.54   120.20   157.57    83.89    77.83   115.30   151.38   158.22   115.16
1946   147.94   178.12   106.95   222.78    27.21   126.99   166.26   144.34   233.44    44.37   229.57    89.60
1947    75.83    10.49    70.57   239.75    25.22   111.38   121.16    12.83   302.06   231.75   154.57   123.12
1948    70.52    98.30   205.02   112.26    53.76   101.79    97.41    88.78   327.71   362.94   230.91   178.73
1949   410.28   271.65   119.71   219.23   100.12   129.32    49.86   162.30   143.75   271.23   106.67   287.99
1950   145.84   146.07   183.39   116.60    75.11   159.43   121.85   146.65   275.78   273.72   105.72   107.09
1951    77.70    30.95    29.42   103.05    15.93    61.31   164.80   163.08   146.91   135.95   190.16   339.76
1952   200.36   217.23    63.36    75.17    71.54   144.16   174.92   200.86   212.88   113.12    85.40    92.91
1953   217.52   164.14   167.83    99.08   105.29    38.41   142.86   209.34   178.81   240.70   386.61   221.72
1954   169.81    24.70    81.07   102.02    39.35   116.61   136.05   124.88   229.88   332.96   125.81   277.29
1955   188.04    46.50   111.79   100.21   124.68    67.44    55.37    54.83   202.53   233.15   209.75   324.14
1956   139.90    73.22    66.21    86.00   157.30   134.80    97.96   118.57   153.47   301.37   220.97   252.11
1957   366.45    92.07    79.10    75.32    81.33   111.18   118.51   119.49   192.55   361.24   217.22   346.17
1958   120.62   113.37    65.50    94.04   170.65    40.71   114.57   134.29    72.16   261.81   158.08   136.19
1959   109.83   194.80    56.51   100.64    59.97   144.53    85.99   158.26   127.27   131.48   132.96    75.80
1960   106.68    62.64    25.48   139.67    65.30   153.98   112.77   155.07   132.06    49.00    67.68   148.47
1961    83.53   158.31   335.35    62.63    76.80   200.21   130.16   155.48   159.27   194.27   166.63   140.45
1962   259.17   278.42    51.50    69.15    62.52   121.94    44.72   233.77   152.70   252.01   113.97   106.32
1963    80.50    52.29    65.47    59.15   128.17    52.06   134.94   119.84   262.13   263.60    89.89   130.37
1964   160.30   143.88    15.70    94.16   122.43   224.85   229.88   201.03   201.45   119.94   280.07   228.29
1965   189.05   100.16   116.94    47.85    38.79   127.71    62.42   121.87   181.74   227.19    65.98    89.39
1966    62.76    73.05   198.43    30.26   119.65    90.32   132.01    96.01   316.54   112.30   161.31   207.43
1967   121.98   179.03   398.14   127.94   103.87   153.91   179.81   142.76   127.82   420.95   223.43   313.42
1968   235.83   118.53   262.31    81.81    58.91   117.52    39.88    18.06   125.18   304.50    66.06    52.31
1969   128.77    74.01   100.43    95.24    44.46    52.86   197.42    47.38   321.85   273.50   222.67    94.73
1970    68.05    49.03   132.88    66.50    88.92    63.45   213.12    60.35   215.27   259.40   163.76   197.73
1971   188.13   179.24   131.23    88.97    95.07    92.95   126.88   108.63   214.32   373.50   337.70   383.18
1972    45.17    22.98   100.08    81.97    44.97   139.93    62.44   161.57   122.49   207.59   351.71   183.33
1973   168.63   258.09   196.95   151.39   148.91   137.52    88.86   165.05   212.63   185.67   326.12   313.30
1974   171.86   129.57    20.88    28.90    59.43    88.82   186.44   164.90   283.42    84.86   155.03   361.02
1975   356.59    71.63    60.75    88.30    98.57    91.53    90.56    87.40   377.61   218.49   177.08   527.72
1976   269.45   161.21   153.96   160.68    60.80   111.37   115.90    56.79   115.45   103.54   165.98    79.60
1977    78.18    27.62    89.10    92.53    54.13    82.16   109.22   107.62   249.62   170.89   231.45   165.20
1978   174.34    61.47   105.29    47.72    33.47    95.62   107.09   174.80   258.70   304.48   452.94    29.41
1979    83.56    98.74   181.31    48.33   142.88   112.86   112.06   193.40   345.08   124.09   254.69   180.76
1980    66.03    85.02    57.18    79.91    37.88    95.20    64.99   156.28   235.01   249.83   200.19   403.64
1981   276.50   194.14    97.67    72.76    52.99   144.11   107.35   139.44   159.97   195.66   314.41    76.47
1982   120.63    82.49   132.13   149.73   105.15    14.90    65.55   204.31   339.67   126.45   309.96   233.08
1983   515.51    56.96   207.75    76.09   115.13    76.27   107.83   152.52   251.41   536.08   286.17   257.92
1984   199.74    73.42    67.30    97.44    45.36    99.39    69.75   133.85    81.94   359.71   149.62   182.09
1985    93.23   124.94   117.19    75.88    47.49    63.08   128.96   217.40   234.02   283.29   135.07   229.11
1986   129.69    13.16   160.29    33.92   159.17    85.28   115.35   117.22   278.45   270.75   381.44   289.96
1987   106.64   166.57    60.37    73.87    71.74    61.29    95.78   145.02   258.03   155.19   104.73   238.99
1988   133.30   135.31    57.54   126.94    59.46    32.70   202.51   170.46   273.88   150.86   210.97   333.75
1989   532.79   330.22   212.45    40.93   167.11   134.42   102.07   223.55   182.57   242.63   136.21   174.10
1990   344.07   354.85   514.53   201.88    45.68    83.70   141.69   170.34   196.36   213.92   123.64   266.36
1991   170.85    95.02   102.80   114.11   104.24   122.19    67.41   154.09   276.59   124.55   266.37   317.93
1992   384.57   259.26   197.33    88.87   127.56    69.60   162.77   211.48   165.54    90.49   260.49   330.21
1993   401.01   228.34   213.17    62.47    48.55    62.21   151.06   140.38    63.99   118.09    27.61   228.08
1994   269.02    17.02   297.12   140.56    44.84   217.66    83.16   132.03   116.87   192.41   230.76   300.71
1995   209.47   294.32   176.86   129.80    70.68    70.85   138.85    89.44   145.72   405.78   174.40   106.95
1996    15.59   117.47    53.06    56.17    60.07   130.79   122.22    94.03    68.18   233.63   211.43   123.63
1997   156.95   298.21   334.82   215.75    88.94    35.44    73.08   115.15   315.75   260.81    63.55   104.98
1998   206.70   399.08   185.49    39.58    83.79   137.34   128.12   206.32    77.29   252.75    93.50   246.78
1999   217.13   269.43   152.17   142.87   113.03   146.09   139.54    50.94   110.13   212.40   301.09   284.10
2000   349.66   323.83   233.98    92.30   100.40   216.90    45.53   178.98   131.61   143.33   103.47   130.55
2001    62.37   137.68    74.44   100.26    94.38   106.70   145.13   187.45    79.85   285.37   325.91   140.71
2002   239.48   240.58   204.60    50.53    72.16   130.92   119.44    76.73   135.30   154.61    73.04    40.54
2003   332.76    51.43    90.04    50.49   156.47   125.44   105.93   202.67   261.07   166.92    96.86   328.68
2004   112.85   180.13   103.60    97.56   139.30   125.90    95.43   137.35   289.40   105.99   333.15   386.95
2005   464.54   157.42    91.65   122.32   133.02    87.53    72.64   167.43   266.98   162.94   380.68   187.99
2006   115.93   112.41    55.50   126.54    66.63    79.69    92.32   102.76   156.55   188.72   353.16   374.40
2007   408.08   124.99   214.01   136.19   142.14    45.73   171.13   179.18   284.01   195.87   300.82   208.02
2008   282.82   322.48   170.30    74.86    48.84   136.43    84.95   133.38   105.18   370.41   266.93   151.94
2009   218.47   120.94   144.74    60.05   144.77    57.12   143.66   221.23   289.29   132.87   196.09    62.88
2010    51.78    31.19   167.03   119.16    58.66    93.72   155.78   130.77   174.81   181.72    95.77    89.39
2011   221.41   146.52   227.23   135.83   168.38   195.90   146.07   147.72   244.67   300.77   232.43   378.29
2012   209.56   256.51   224.88    88.94    89.31    68.33   138.22   132.13   269.78   181.80   231.91   111.18
2013   131.58    68.72    46.57   172.41   132.71   142.81   111.69   127.24   130.87   224.10   269.12   373.89
2014    74.54   147.35   242.30   115.25    68.58    68.44    97.68   152.44   131.90   338.76   114.21   349.19
2015   369.63   172.50   234.65   132.18   155.05   124.77   119.70   128.09   103.04   112.75   331.20   431.05
2016   166.69   209.38    81.96    85.74    69.47    63.37   160.20   235.65   197.97   111.35   202.00   368.66
2017   240.44   127.86   181.20   181.48    74.92   160.20   134.19   165.36   115.23   348.76   322.32   354.27
2018   179.15    66.43    47.04    90.62    43.69    98.14    46.55   257.68   455.11   388.10    65.39   161.33
2019   205.75   114.09   192.81    15.98   111.40   130.36   129.47   220.69   269.53   176.35    35.85   304.67
2020   399.10   361.69   223.30   158.60   111.20    45.47   181.40   130.66   258.24   159.11  -999.99  -999.99
