1899  -999.99  -999.99  -999.99  -999.99  -999.99  -999.99  -999.99  -999.99  -999.99  -999.99  -999.99    23.84
1900    25.38    44.39    70.65    49.10    64.26    33.25    92.09   101.76   161.16    44.13    51.91   104.32
1901   120.10    86.72    78.13    23.83    48.35    51.42    65.00   113.08    54.55    96.81   202.74    26.18
1902    95.17   100.88    40.90    26.69    25.83    52.28    67.15    55.23   104.56   138.74    85.75   111.92
1903    61.07   133.92    62.89    25.86    26.99    50.86    79.69    64.59    82.92    45.07   110.40    84.18
1904   103.59    12.17    51.33    22.20    40.67    52.40    80.28    49.43    71.47    93.93   117.46    77.40
1905   129.31   110.35    16.51    27.27    56.52    39.50    96.09    36.47    86.34    67.17    91.44   138.57
1906    74.28    27.47    58.79   144.69    50.88    51.58    72.52    71.72    94.29    73.03    72.12   103.56
1907   131.44    78.63   102.96    25.56    29.65    48.08    81.90    71.21   176.48    41.35    53.59    46.30
1908   122.15    69.74    30.27    39.95    62.71    64.95    47.77    43.95    80.42   157.64   118.79    87.72
1909   152.99    80.46    22.80    29.42    35.20    34.63    60.91   108.25    95.02    89.27    75.04   106.88
1910    93.78    41.72    61.39    51.28    38.03    58.05    44.46    39.52   106.36   123.08    23.65    55.62
1911   123.05    78.35    70.89    69.29    29.01    53.41    79.18    79.95    77.71   121.67    45.93    44.73
1912    72.46    47.23    28.57    75.96    23.90    31.15    52.71    44.81   116.69    52.45    78.87    29.76
1913    45.54    95.60    75.72    48.80    42.97    57.66    59.09    79.36    74.50   124.88    81.01   113.56
1914   151.02    62.41    31.72    97.21    70.60    64.23    24.40    56.95   143.94    65.44    83.78    61.41
1915    34.53    24.79    59.54    70.81    86.85    54.97    75.07    61.58    81.70    53.33    77.86    29.61
1916    86.41    60.38    26.05    32.00    34.77    24.77    40.34    58.81   143.91    50.68    72.23    48.89
1917    69.08    84.81    43.75    40.92    74.33    81.85    77.64    55.60   120.74    68.59    87.77   109.81
1918   118.33    82.07    86.90    31.56    65.24    54.87    19.79    47.80    86.38    80.47   135.03    26.75
1919    27.29   105.39    45.73    64.93    18.88    54.99    32.58    96.41   167.65   105.69    39.02    28.79
1920    78.08   106.90   101.81    38.67    47.97    45.90    96.73   104.61    75.46   110.96   109.13    70.26
1921    91.64    84.98    73.47    69.76    88.13   114.62    75.32   114.30   138.08   150.93    83.69    81.85
1922    18.08    56.28    49.54    32.96    65.81    62.68    37.30    52.51    95.75   100.76   143.96    81.27
1923    84.11    32.24    53.97    22.59    45.04    65.19    72.27    45.13    95.72    63.16    67.88    65.88
1924    65.83    48.59    53.23    42.61    42.04    35.32    36.94    57.01   110.88    71.83   128.14   127.98
1925   159.50    47.96    51.22    51.68    33.67    64.45    64.38    48.52    86.37   114.03   106.44    49.82
1926    45.57    52.76    76.96    48.33    27.48    42.19    63.25    54.76    95.11    99.40    65.18   117.55
1927    50.33    92.22    64.98    34.47    35.16    53.32    25.55    55.07    72.63    87.17    52.48    66.35
1928    32.37    49.16    51.60    55.98    35.75    50.56   135.25    45.83    89.00    74.04    49.00    70.30
1929   113.83    36.41   153.28    42.90    34.24    39.02    62.44    89.51    92.26    85.54    52.95    51.13
1930    82.52   110.74   119.34    25.07    31.81    56.35    43.52    44.11    82.51    80.86    75.13    79.60
1931    26.83    18.95    92.62     9.81    67.31    77.44    53.12    91.29    85.97   159.49    44.76   116.58
1932   181.29   119.53    62.12    29.54    33.92    31.32    92.06   109.97   196.10    45.92   101.31   154.91
1933    58.84    53.80    81.24    54.93    16.62    10.08    83.13    65.40    80.59    93.49    94.08   148.85
1934   119.74   155.37    16.89    41.93    76.38    62.06    40.91    47.96    65.67    78.82   127.84    30.58
1935   118.00    67.69    61.04    33.43    65.06    54.74    61.60    52.14    66.34    55.30    30.28    54.49
1936    29.47    48.24    54.10    42.07    24.55    52.02   104.71    96.70   129.44    79.66   105.02   133.18
1937    52.70    32.04    26.42    19.94    49.90    80.43    27.37    42.77   112.58   102.00   109.30    55.24
1938    60.87   129.84   130.78    92.62    56.25    77.86    72.72    86.41    88.40    49.03    84.54    11.98
1939    39.35   114.49    36.57    64.24    55.29    87.28    33.93    52.26   121.16    80.46    67.66   107.54
1940    79.29    63.95    35.11    78.93    19.00    59.40    67.00   110.82    74.45    78.26    40.81    95.61
1941   163.70    34.92    42.99    25.91    32.95    47.11    49.44    77.59   136.96    99.07    35.97    75.97
1942    34.10    45.35    76.77    42.19    36.49    63.01    56.73   116.79   109.06    77.70   151.47    80.92
1943    21.15    97.72   119.08   103.34    60.91    38.46    57.38   105.40    68.85    98.93    82.23   148.95
1944   100.16    69.65    54.81    41.21    34.24    35.81    40.38   117.71    50.32    67.05    32.66    85.72
1945    60.56    55.25    96.22    63.68    37.11    37.14    49.41    59.62    54.57   127.23   114.80    51.69
1946    92.47    68.59    60.15    81.55    35.69    54.03    60.95    47.87    86.97   123.56    86.98    75.69
1947    45.62    40.12    45.95    64.88    41.57    65.02    67.74    71.73   148.38   153.26    41.04    75.78
1948    42.63    68.58   140.89    44.46    61.42    84.77    63.78    80.49   131.73   114.56   156.16   132.20
1949   135.61   117.94    70.68    78.65    93.13    39.44    57.29    89.39   103.41   152.01    44.04    38.46
1950    41.70    52.81    81.70    49.21    45.86    67.47    33.84    39.66    64.87    83.00    38.01    42.53
1951    31.83    10.89    79.34    66.88    32.21    57.18    99.77    87.01   109.85   123.67    75.28   128.74
1952    74.93    58.84    36.47    70.77    33.11    89.54   101.54    84.14   107.36     8.78    40.18    60.31
1953   131.88    62.89   215.55    62.93    52.56    24.64    53.03    66.13    73.23   116.66   110.24    79.14
1954   110.75    32.66    77.70    38.83    28.25    65.65    65.44    78.60    88.40    81.39    31.02    70.28
1955    88.73    48.14    95.77    62.57    32.23    67.94    58.66    56.26    74.28   124.21   111.12    49.98
1956    72.84    52.01    66.18    27.54    70.06    82.55    23.72    51.63   115.73   103.64    47.49    60.13
1957   122.02    36.25    51.88    54.51    53.18    76.35    44.28    82.51    57.22   117.60    97.02   127.18
1958    69.02    79.01    45.98    34.15    38.79    50.45    89.36    52.94   109.84   123.32   141.60    54.97
1959    91.62   134.08    85.18    31.18    72.11    59.19   114.64   111.89   141.58    86.88    29.47    25.92
1960    79.79    54.80    32.76    38.07    44.09    67.55    68.89    68.62    44.51    56.92    14.38    59.36
1961    55.42   120.88   148.27    45.92    30.64   110.63    72.54    80.02   117.50    73.50   133.75    80.84
1962    74.78    66.43    61.89    52.00    37.61    70.30    37.34    46.84    82.58   206.46    73.44   128.55
1963   129.42    68.21    50.29    42.71    37.37    25.35    89.14    52.95   134.60   116.68    51.28   138.13
1964   228.81    64.17    44.21    34.20    55.55    82.39    98.48   100.57   129.94   139.10   135.53   105.05
1965    42.71   103.73    92.63    39.75    23.66    54.23    82.59    76.48    68.01   134.27    70.35    42.62
1966    58.83    25.55    70.92    28.38    69.94    39.93    99.53   103.94   125.38    84.00    67.06    17.13
1967    88.06    47.60    79.62    62.63    21.58    75.40   106.56    78.39    57.25   117.89    71.24    75.86
1968    58.16    97.57    99.97    81.08    31.71    81.41    49.74    74.51    30.58    89.72    94.57   107.23
1969    34.63    16.95    65.39    46.12    17.07    42.11    90.58    36.24   104.21   156.42    56.62    54.35
1970    51.94    59.85    34.53    22.92    25.47    34.48    97.13    69.39    83.42   104.96    73.32   112.66
1971   123.77    58.56    58.03    46.41    52.03    27.97    83.81   143.25   104.59   154.14   118.11   114.37
1972    28.81    40.28    98.32    44.41    15.68    41.74    97.52    92.35   145.85   127.19   109.19   114.79
1973   128.25    73.29   135.10    40.90    50.04    82.18    55.52   142.03    51.61   125.22   130.49   106.33
1974    76.10    66.28    23.92    88.82    24.29    41.54   101.33    88.14   108.58    34.87    19.86    61.91
1975    99.00   155.17    63.75    35.52    89.70    79.48    84.21    83.95   167.49   144.02   112.21   193.46
1976    89.21    87.40    43.46    71.48    27.33    39.28    69.19    72.27   103.25    39.60   104.14    31.05
1977    56.84    24.25   111.07    32.35    45.49    78.98    47.84    61.81    90.85   100.90    72.92    96.52
1978    90.73    67.50    40.56    44.44    47.73    37.20    42.44    64.91    78.95   153.04   160.98    64.84
1979    40.14    71.84    32.02    21.68    91.59    65.09    38.60    63.49   151.24    70.55    48.76    80.01
1980    80.52    44.16    24.24    48.65    33.80    45.82    20.74    35.93    81.80    73.44    87.08    94.06
1981   166.67    47.10    50.21    88.33    19.18    54.77    99.56    95.58    59.75    86.21    51.10    50.71
1982   110.96    76.10    83.63    90.28    70.91    45.09   109.28    72.31   163.92    83.57    87.90    96.61
1983   105.71    98.75    56.49    20.25    35.60    67.84    85.62   156.21    98.66   143.72   170.32   109.22
1984    58.85    57.68    50.09    54.91    42.58    68.16    86.01   101.39    48.69    66.87    46.73    42.03
1985    73.42    33.85    51.57    53.88    34.94    43.34    63.86    97.05   148.76   249.51    72.30    74.49
1986    34.30    71.05    55.60    47.70    48.91    51.82    71.56    49.21    70.84   150.32    92.97    50.53
1987    74.88    85.25    18.17    58.74    50.94    44.89    58.71    60.82    41.23    80.09    87.02   166.69
1988    55.87    16.15    15.09    82.24    28.92    22.04    94.70    54.04   132.23   132.44   174.58   114.82
1989   200.54   126.41    57.54    35.95   111.38    48.67    90.00    66.44   150.05    97.09    84.79   177.88
1990    65.77   117.58   117.56    66.17    71.47    35.09    63.40    73.84    36.03   118.76    95.88   133.40
1991   141.69    28.14    65.92    41.42    57.99    49.31    52.87    78.11   135.90   103.45   125.07   157.52
1992   186.65   104.51    86.31    26.60    67.41    66.65   117.15    80.47    64.26    93.90    37.62   182.03
1993   111.18   144.69   123.56    39.61    63.74    59.65    52.15    60.82    44.51   143.31    37.80    50.81
1994    66.56    48.94    49.78    37.39    36.30    68.82    70.11    40.91    79.16   139.44   121.24   102.83
1995    69.91    90.58    86.42    52.99    40.19    80.28    89.85   140.79    58.98   193.87   135.95   101.53
1996    57.34    61.65    38.80    79.69    26.18    84.40    48.45    79.02    73.78   138.09    90.76    88.26
1997   213.97    86.44   122.04    88.58    56.68    13.12    27.73    72.40   138.19   106.87    51.73    68.79
1998   106.23   135.78    56.01    25.70    63.10    56.02    49.12    66.67    87.98    94.92    41.81   118.33
1999    46.90    67.00    37.40    67.26    44.70    66.97   107.34   118.34    89.50   108.02   158.84    69.23
2000   154.58   100.93   143.19    69.35    70.72    99.22    46.96    86.06   102.17    36.39    15.92    64.99
2001    79.45   102.51    35.81    59.55    61.59    42.76   151.94   107.25    62.24    89.16   145.47    74.81
2002   191.37   102.48    86.77    44.92    34.30    38.94    86.94    65.34   132.83    53.00    23.48    77.84
2003    96.23    75.35   172.07    32.25    67.62    27.40    58.77    79.83   164.40   114.36    38.51   170.23
2004    34.18   108.80    51.47    40.99    44.29    62.37    90.37    87.04   135.20    57.15   146.90   127.02
2005   141.93    66.94    58.27    66.00   105.96   100.68    63.37   118.82   168.49   153.11   126.61    85.12
2006    94.12    90.23    55.55    32.48    45.52    86.55    83.13    39.07   122.97   112.58   104.53   174.44
2007   112.59    56.83    62.67   144.56    76.84    41.05    54.92   114.53   104.74   138.41   104.28   118.17
2008    49.82   101.54    36.61    49.65    54.71    74.06    60.89    42.07    96.08   113.69    94.33    80.80
2009   115.07    57.25    52.83    74.13    93.62    50.18    44.94    73.09   193.45    71.41    41.05    41.11
2010    69.66    54.11   107.44    56.97    62.76    98.57   121.37    63.20    58.09    66.68    56.55    66.16
2011   107.88    65.43   127.84    93.47    61.67    75.57    70.89    53.41    76.62   161.18   164.98    77.96
2012    39.55    79.44   136.37    54.61    74.11    53.99    85.60    46.06   119.11   101.00    83.87    21.38
2013    92.61    70.77    90.87    61.32    35.91    71.47   112.92    98.63    47.24   133.85   145.30   176.45
2014    10.68    32.43   137.23    87.44    41.41    51.58    26.03    74.91   119.65    55.68    65.62   115.36
2015    75.19   130.80    74.10    95.38    67.76    88.66    59.51    66.82    74.97   140.29   115.47   169.72
2016    51.12    65.70    62.64    38.34    35.60    78.75    89.34    80.31    95.30    59.62    74.23   194.37
2017   184.45    70.23   108.36    70.20    47.74    54.97   112.80   120.45    29.86    86.83    93.80   104.45
2018    51.14    13.11    74.41    46.52    42.86    98.96    42.94   133.87   144.14   116.25    86.62    67.12
2019   118.56   139.21   114.19    34.68    70.10    86.93    28.93    70.47    97.20    70.51    46.21   129.67
2020   206.05    98.45   140.45    79.34    61.48    28.84    89.19    81.49   156.84    54.31  -999.99  -999.99
