1861  -999.99     1.10     3.10     3.40     7.00    16.10    15.60    14.60    12.40    10.90     2.80     4.70
1862     0.40     0.80     1.90     5.50    13.30    13.30    13.40    14.10    12.10     9.30     4.00     4.50
1863     2.40     3.30     3.60     6.40     7.90    14.20    12.80    13.40    11.50     9.50     5.90     2.20
1864     0.60    -0.50     1.50     6.40     8.40    11.80    15.10    12.70    12.60     6.70     3.90     3.20
1865    -0.30    -1.80     0.90     6.10    11.70    11.50    14.70    14.80    13.10     5.70     4.20     6.10
1866     2.30     1.20    -0.40     6.60     8.80    15.20    15.30    14.80    12.40     8.50     2.40     1.90
1867    -2.70     3.00    -0.30     4.30     7.90    10.90    15.20    15.40    11.90     7.90     3.70     1.40
1868     0.10     2.60     4.90     5.70    11.40    12.40    16.00    16.60    11.90     7.90     2.10     4.10
1869     2.30     2.90     0.90     6.40     8.20    10.30    13.60    12.70    11.20     6.60     2.20     0.10
1870     0.80    -1.10     1.80     6.40     9.00    11.70    15.10    15.70    10.90     6.80     4.00    -2.20
1871    -0.50  -999.99     5.50     3.20     9.20    14.90    14.90    14.40    10.80     8.20     1.50     2.00
1872     2.60     3.40     3.90     6.90     9.80    14.80    17.90    14.90    11.10     9.10     4.80     0.10
1873     2.30     1.20     4.30     4.70     8.40    13.70    16.70    14.30    11.60     5.90     4.40     6.50
1874     2.30     3.40     4.50     6.60     9.40    11.60    15.30    12.80    11.70     9.40     2.60    -3.50
1875     0.60    -1.70     1.80     5.60    10.60    13.60    16.00    15.40    12.20     6.00     0.70     3.40
1876     1.30     0.00     2.40     6.30     9.10    14.70    13.20    14.60    11.10     8.30     1.60    -1.20
1877     0.50     0.00     0.10     4.50     7.80    11.30    14.20    13.90     9.70     6.80     6.40     3.40
1878     0.10     2.90     2.30     8.00    10.00    12.80    13.80    16.10    12.00     9.60     2.30    -5.10
1879    -1.30    -1.00     0.70     5.20     9.30    12.90    15.50    15.50    11.40     7.50     2.60     2.00
1880     1.30     3.70     3.90     7.30     8.70    13.70    14.40    16.30    13.80     4.10     3.30    -0.10
1881    -1.60    -1.60    -1.50     2.90    10.00    11.80    13.10    12.30    12.90     6.00     6.20     5.90
1882     2.60     3.10     4.70     6.10    10.40    14.40    15.30    14.60    13.70     8.90     2.50    -1.50
1883     0.50     2.80     0.10     7.40     9.00    12.30    16.20    13.90    12.30     8.30     5.00     3.40
1884     2.10     2.90     5.70     7.20     8.70    12.00    15.60    16.00    13.70     8.50     2.90     3.20
1885     0.30     3.20     1.90     6.40     8.70    10.00    13.20    13.50    10.50     5.50     3.40     3.90
1886     0.00    -0.50     1.50     6.10     9.00    12.40    13.20    13.40    10.70     9.60     6.60     0.00
1887     2.30     3.30     4.70     4.70     9.60    12.20    13.80    12.70    11.40     6.00     2.90     0.30
1888     1.60    -2.00    -0.90     4.30     8.60    14.20    14.60    13.10    11.10     5.90     2.20     5.90
1889     1.40    -1.50     0.10     6.20    15.30    15.90    14.50    13.10    10.40     9.70     6.30     3.70
1890     2.60     1.10     5.30     7.10    13.80    12.10    12.60    13.40    12.40     7.60     5.30     0.10
1891    -0.20     3.20    -0.30     5.60     9.60    13.00    16.40    14.20    12.00     9.80     4.90     4.60
1892    -0.50    -0.10     2.30     5.10     8.00    10.90    13.30    12.70    10.10     8.00     5.30     0.10
1893    -0.90     0.50     5.00     5.70    10.90    12.70    15.50    14.30    10.00     8.30     2.10     5.80
1894     1.00     1.90     6.50     9.30     8.90    13.40    17.10    13.90    10.20     5.80     7.10     4.90
1895    -1.70    -3.60     2.70     6.40    12.80    13.60    14.40    14.50    12.30     5.50     3.40     0.80
1896     0.90     2.40     3.40     5.60     9.40    13.90    14.50    13.30    12.10     7.40     4.40     1.60
1897    -0.80     0.80     3.40     5.30     9.40    12.70    15.10    15.40    10.50     8.20     3.60     3.40
1898     2.60     1.30     2.20     5.30     8.80    12.70    11.90    13.20    11.40     8.40     4.40     3.60
1899     0.80     1.80     1.70     4.20     8.90    13.30    15.40    13.30     9.90     7.50     6.20     0.60
1900     1.00    -1.80     1.70     3.80     8.80    14.10    14.20    13.80    10.60     6.30     4.20     3.80
1901     0.90    -0.70     2.00     7.80    11.10    12.40    17.70    14.60    14.00     9.10     2.10     1.10
1902     1.40    -0.40     3.40     6.30     8.00    14.20    11.80    11.50     9.80     7.10     3.70     0.10
1903     0.70     2.20     4.80     5.00     9.70    12.20    13.80    12.30    12.10     7.20     3.60     2.60
1904     1.60    -0.60     1.90     5.70     9.50    12.30    13.60    13.50    11.90     7.80     3.00     2.50
1905     1.10     1.30     4.80     3.70     9.00    14.60    14.00    13.80    10.60     4.40     3.80     3.90
1906     1.20     1.20     1.80     5.80     9.80    13.20    13.40    13.80    12.10     8.90     6.40     1.00
1907     0.60     1.30     3.30     5.90     9.20    11.90    12.70    11.30    10.20    10.50     4.20     2.30
1908     1.50     1.70     2.90     5.30     9.60    12.30    15.10    13.60    11.80     9.50     4.30     3.30
1909     1.70     0.90     1.00     4.90     8.50    12.30    12.70    12.10    10.80     8.80     3.00     1.70
1910     0.40     2.30     4.40     5.30    11.40    13.50    15.50    15.80    11.70     7.80     2.00     3.40
1911     1.10     1.80     2.70     5.40    12.40    13.10    14.40    15.20    11.00     6.10     3.40     4.20
1912    -0.30     1.50     5.30     6.10     8.90    13.30    16.20    14.10    10.20     7.90     3.70     4.20
1913     0.30     2.10     4.20     6.60    10.40    13.00    14.40    13.40    12.40     8.90     6.60     1.50
1914     0.50     4.00     3.70     6.90     8.20    13.00    17.70    15.60    11.60     7.60     3.80     2.60
1915     0.50     1.90     0.70     4.90     8.10    11.20    13.00    14.00    10.60     5.80     1.80    -1.00
1916     2.00     1.30     0.40     6.20     9.80    11.90    13.60    13.70    10.40     7.30     5.80     2.80
1917    -2.00     0.10     0.10     2.90     9.90    13.60    14.40    17.00    11.40     6.70     4.30     0.90
1918    -0.30     2.10     3.80     7.40    11.70    10.50    14.50    14.00     9.30     8.50     5.70     2.80
1919     1.00    -0.80     1.70     4.60    11.80    11.60    15.20    11.40    10.50     6.20    -0.10     0.40
1920     0.80     2.80     5.60     6.40    10.20    13.30    14.10    13.10    11.40     8.10     4.80     1.60
1921     1.50     2.20     5.10     8.00     9.60    10.10    12.80    12.70    10.20     8.50     2.30     3.40
1922    -0.30     0.50     2.90     5.00     7.70    11.20    13.60    13.00    10.90     5.70     3.70     3.20
1923     1.40     0.40     5.10     5.40     7.40     9.00    14.70    12.70    10.20     7.40     2.90     1.00
1924     0.80     0.50     1.00     4.40     8.60    12.00    14.50    15.40    12.20     8.70     5.30     4.00
1925     2.50     2.60     2.10     7.30    12.70    12.60    17.90    15.20    11.10     6.50     2.90     0.90
1926     1.30     1.30     3.00     8.00     9.30    15.50    15.90    14.60    11.70     5.10     5.00     2.10
1927     1.70     1.90     5.10     4.40     7.70    11.10    16.10    16.20    11.90     7.40     2.70     0.10
1928     1.30     1.80     4.10     7.40     9.60    10.40    12.60    13.20    10.80     7.80     4.80     1.90
1929     0.30    -1.00     4.10     4.80    10.30    11.80    14.00    13.00    11.20     7.70     5.10     3.20
1930     2.50     1.30     3.00     8.40    10.70    15.20    17.50    16.00    12.40     8.40     3.80     2.90
1931     1.20     0.50     0.60     5.30    10.20    11.00    14.90    12.80     9.40     6.90     5.60     2.10
1932     2.50     2.60     2.40     5.40    11.40    12.30    15.90    14.60    10.40     6.40     4.20     2.90
1933     1.50     0.90     3.80     6.20    10.90    17.30    17.10    14.90    12.80     8.00     3.40     2.30
1934     2.60     3.30     4.20     6.90     9.50    12.90    15.80    15.80    14.00     8.70     4.70     4.30
1935     1.70     1.80     3.30     6.40     8.60    13.60    14.90    14.80    11.80     7.90     5.60     1.90
1936     1.40     1.10     4.40     5.90    11.50    14.20    17.50    15.50    12.10     7.60     4.80     3.30
1937     1.50     0.90     0.80     7.90    11.20    13.30    16.10    17.00    11.90    10.00     4.20     1.00
1938     1.90     2.30     5.50     6.10     9.80    12.00    14.90    16.20    13.00     9.30     6.30     2.40
1939     1.30     2.70     4.30     6.10    10.70    12.90    15.50    17.20    13.80     7.40     5.20     1.70
1940     0.20    -0.70     2.60     5.40    12.00    13.90    15.70    12.40    10.00     7.70     4.50     1.60
1941    -3.30    -0.50     1.50     4.80     9.00    12.70    17.00    13.60    12.00     7.20     5.60     4.10
1942    -4.20    -1.70     0.20     6.20     9.10    10.50    13.10    14.40    11.70     7.80     5.40     5.20
1943     1.30     4.10     5.80     5.70     9.00    13.20    14.90    12.90    12.10    10.70     5.00     3.70
1944     3.80     2.00     2.30     5.40     8.40    11.50    15.80    14.50    11.70     9.20     4.70     3.80
1945    -1.60     3.70     5.50     6.10    10.20    12.30    16.00    16.30    12.10     9.60     5.80     3.30
1946     2.80     1.50     2.90     6.00    10.70    12.00    15.40    14.60    12.40     8.10     6.10     2.70
1947     0.80    -1.70     0.60     5.50    13.60    15.10    17.30    16.50    12.90     8.10     4.10     2.50
1948     0.90     1.50     4.50     8.10    11.40    13.60    15.50    14.40    11.50     7.40     5.10     4.00
1949     2.20     3.00     2.90     7.20    10.30    11.60    13.70    13.50    14.80     9.30     5.90     3.10
1950     1.40     1.80     4.60     6.80    11.40    13.60    16.70    16.70    11.80     8.60     4.60     1.30
1951     1.00     1.60     1.00     4.40    10.00    11.70    13.80    15.20    13.00    10.00     6.00     3.50
1952     1.10     1.60     2.60     7.60    10.90    11.50    14.20    14.10     9.70     7.40     2.70     2.10
1953     1.50     1.00     4.80     5.90    10.00    16.80    16.10    14.80    12.50     9.90     6.70     3.50
1954     1.10     0.30     2.80     5.80    12.40    13.30    14.30    15.20    11.00     8.10     5.00     3.20
1955     1.00     0.00     2.10     5.10     7.60    11.90    15.80    15.80    13.10     7.80     5.80     1.60
1956     0.90    -0.50     2.60     4.90    10.10    12.00    15.30    13.50    12.40     7.70     4.90     2.90
1957     3.70     2.20     5.50     6.70     9.40    11.80    14.50    14.10    10.70     8.50     5.00     3.10
1958     0.90    -1.00     0.20     4.80     7.80    14.00    15.20    14.60    14.30     9.70     6.70     1.60
1959    -0.80     2.10     5.70     7.60    10.80    13.30    15.60    15.70    11.80     9.90     7.30     3.80
1960     0.40     1.20     4.80     6.80    11.50    13.40    15.20    15.90    12.90     8.20     5.50     2.40
1961     0.90     4.00     4.70     6.90    10.20    12.50    14.20    13.60    13.40    11.30     5.90     1.50
1962     3.20     2.20     0.30     5.90     9.20    11.30    14.10    12.90    11.00     9.00     3.90     1.20
1963    -2.50    -2.10     3.70     6.50     9.70    15.20    13.70    15.00    11.50     8.70     5.30     2.10
1964     3.20     2.20     3.90     6.90    10.30    11.50    12.50    13.10    10.70     8.10     5.40     2.50
1965     1.30     1.70     2.30     6.70    10.00    12.80    13.90    13.30    13.80     9.50     1.70     0.00
1966    -0.90    -0.40     2.90     4.30     9.20    15.30    13.40    13.90    10.70     8.60     4.00     1.90
1967     1.00     3.40     3.80     5.10     9.50    11.50    14.20    14.10    13.10     8.40     6.60     2.00
1968     0.40     0.30     2.80     6.60     9.30    13.90    14.90    14.50    14.00     8.20     2.90     2.00
1969     2.90    -2.00     0.70     6.40    10.80    14.40    13.80    18.20    11.30     9.30     2.10     0.90
1970     0.20    -1.10     1.40     3.90    10.60    15.50    13.00    15.40    11.20     8.00     4.50     2.50
1971     3.00     3.20     2.00     6.20    10.60    12.50    14.00    14.20    11.60     8.00     3.00     5.00
1972     0.20     2.10     4.60     6.10    11.90    12.10    15.40    13.00     9.90     8.60     4.40     5.70
1973     4.40     2.10     5.10     4.20     9.50    12.30    15.90    12.90    11.30     6.10     2.90     2.00
1974     5.50     4.40     4.90     7.80    11.30    13.90    12.50    14.00    11.60     7.50     5.40     4.30
1975     4.20     3.10     3.50     5.10     9.60    12.00    14.60    16.90    11.30     8.60     5.70     3.90
1976     0.40     2.20     1.80     5.20    11.20    13.30    15.90    14.80    10.40     9.20     5.60     0.00
1977     1.00     0.70     4.60     3.90    10.00    11.80    13.80    14.40    10.40    10.00     4.40     4.60
1978     2.50    -0.50     3.30     5.30    11.00    13.90    14.10    14.50    10.50     8.70     5.70    -0.60
1979    -1.80    -0.60     2.30     6.20     7.80    12.80    12.50    13.30    10.30     7.90     4.40     1.80
1980     0.60     0.80     1.90     6.40    10.80    15.00    16.70    14.80    12.60     6.40     3.00     3.10
1981     0.60     1.00     2.80     5.00    12.60    11.60    13.80    13.30    13.30     7.40     4.50    -3.10
1982    -0.20     3.20     4.40     5.40     9.70    14.40    15.20    14.90    11.10    10.00     5.80     3.30
1983     3.80     0.80     3.90     6.40    10.10    12.70    14.90    13.60    11.50     8.00     4.60     3.10
1984    -0.20     1.60     2.00     6.50    11.70    13.90    14.10    14.50    11.10     9.00     6.90     4.40
1985    -1.60     0.10     3.00     5.40    11.50    12.80    14.90    14.10     9.90     9.40     1.00     1.10
1986    -1.40    -2.10     4.20     5.20    10.60    14.60    13.70    13.60     8.80     8.60     6.60     2.90
1987    -2.90     1.40     1.40     7.60     9.10    11.50    15.10    13.70    10.80    10.30     4.90     3.90
1988     4.00     3.30     2.30     4.60    11.90    14.30    15.50    14.50    12.20     8.10     4.40     3.60
1989     6.00     4.70     5.10     6.80     9.40    13.30    14.40    13.00    11.90     8.60     5.60     2.90
1990     5.00     5.50     5.30     6.50    11.50    14.40    14.80    14.80    10.70     9.30     5.30     3.90
1991     3.30     0.40     5.50     7.00     9.00    10.90    17.10    15.40    11.20     8.00     5.50     4.60
1992     4.70     4.30     4.10     5.90    12.20    16.20    14.30    13.50    12.40     6.20     4.70     3.90
1993     3.10     3.50     3.80     8.00    12.10    12.10    12.60    12.80    11.00     7.50     3.10     1.20
1994     1.50    -0.80     2.90     6.50    10.00    10.60    16.30    15.00    11.70     7.30     6.80     4.30
1995     2.60     2.60     3.60     5.20     8.90    13.60    14.70    15.00    12.90    10.40     4.30    -0.80
1996     1.10     0.30     2.70     6.90     8.40    12.20    12.70    17.60    12.00     9.60     1.60     0.90
1997     2.40     3.60     4.10     5.10     9.70    15.50    17.30    18.30    11.80     6.70     5.30     3.30
1998     3.50     4.90     3.00     6.90    10.50    12.50    13.60    13.10    13.70     7.00     3.00     4.00
1999     2.80     1.80     4.60     7.50     9.90    13.10    14.60    15.50    15.60     8.60     6.90     2.00
2000     3.50     3.30     3.20     8.00    11.70    12.20    14.70    13.70    12.90    11.00     7.70     3.90
2001     2.50    -0.30     1.90     5.70    10.40    12.00    15.70    14.90    12.70    10.80     4.80     1.10
2002     3.80     3.10     3.70     8.10    12.70    15.20    15.30    19.50    13.60     6.10     2.80     0.70
2003     2.20     2.00     4.80     8.70     9.70    14.50    18.20    16.00    12.40     5.80     6.80     3.70
2004     1.70     2.30     4.60     8.40    10.60    12.80    14.50    17.40    12.20     8.90     4.70     4.50
2005     3.60     2.20     3.60     7.80     9.10    12.00    16.30    14.00    12.50    10.50     6.20     3.00
2006     2.70     3.00     0.70     5.80    11.30    13.40    17.60    17.50    15.40    10.50     7.30     6.60
2007     3.50     2.20     6.20     7.80     9.70    16.00    14.90    14.00    10.30     8.80     4.00     3.40
2008     3.60     4.60     3.20     7.50    12.30    13.70    18.00    15.50    12.70     8.00     4.50     2.90
2009     3.30     0.80     4.70     9.50    10.80    13.90    16.80    15.70    12.30     7.00     7.10     1.30
2010    -3.40    -1.50     3.40     6.70     8.80    12.60    15.60    15.40    12.00     8.40     1.00    -2.60
2011     2.30     1.30     3.20     9.20    10.80    13.10    15.70    15.10    13.00    10.10     8.10     3.50
2012     2.70     2.70     6.20     5.70    10.30    12.90    14.80    15.20    10.60     7.00     6.00    -0.10
2013     0.30     0.60     0.90     5.10    11.30    13.30    15.60    15.20    12.50     9.60     5.50     5.70
2014     3.40     5.50     6.00     8.90    11.40    14.50    19.00    15.50    13.60    10.60     7.30     3.20
2015     3.40     3.40     5.20     6.20     8.60    11.40    14.40    16.50    13.50     9.60     6.80     5.80
2016     0.00     2.10     4.90     6.20    12.20    15.30    14.70    14.20    15.20     8.30     4.00     6.10
2017     3.60     3.00     4.70     6.20    12.20    13.40    14.90    14.30    13.80     9.60     4.50     3.30
2018     2.70     0.90     0.80     7.50    14.70    14.60    17.30    14.50    12.00     8.40     6.70     4.20
2019     2.60     5.30     4.60     9.80     9.40    14.10    16.20    16.40    11.60     8.00     3.00     5.00
2020     5.50     4.00     4.70     7.20     9.00    17.50    13.60    16.40    12.30     9.90     7.90     5.20
2021    -0.80  -999.99  -999.99  -999.99  -999.99  -999.99  -999.99  -999.99  -999.99  -999.99  -999.99  -999.99
