Basert på data fra MET Norge.
See more detials here: https://frost.met.no/index.html
Prosessert til denne filen av Helge Drange. 

==========================================================================================


Year null temp anomaly
1862  0   7.76   0.13
1863  0   7.78   0.15
1864  0   6.91  -0.72
1865  0   7.28  -0.35
1866  0   7.45  -0.18
1867  0   6.57  -1.06
1868  0   8.02   0.39
1869  0   6.47  -1.16
1870  0   6.62  -1.01
1872  0   8.30   0.67
1873  0   7.88   0.25
1874  0   7.20  -0.43
1875  0   7.08  -0.55
1876  0   6.82  -0.81
1877  0   6.59  -1.04
1878  0   7.08  -0.55
1879  0   6.74  -0.89
1880  0   7.54  -0.09
1881  0   6.41  -1.22
1882  0   7.93   0.30
1883  0   7.62  -0.01
1884  0   8.24   0.62
1885  0   6.73  -0.90
1886  0   6.87  -0.76
1887  0   7.01  -0.62
1888  0   6.60  -1.02
1889  0   7.98   0.35
1890  0   7.82   0.19
1891  0   7.76   0.13
1892  0   6.30  -1.33
1893  0   7.55  -0.08
1894  0   8.37   0.74
1895  0   6.82  -0.81
1896  0   7.43  -0.20
1897  0   7.29  -0.33
1898  0   7.18  -0.44
1899  0   6.99  -0.64
1900  0   6.76  -0.87
1901  0   7.73   0.10
1902  0   6.44  -1.19
1903  0   7.21  -0.42
1904  0   6.94  -0.69
1905  0   7.12  -0.51
1906  0   7.41  -0.22
1907  0   6.98  -0.64
1908  0   7.61  -0.01
1909  0   6.57  -1.06
1910  0   7.83   0.20
1911  0   7.61  -0.02
1912  0   7.63   0.01
1913  0   7.84   0.21
1914  0   7.96   0.33
1915  0   5.98  -1.65
1916  0   7.13  -0.50
1917  0   6.65  -0.98
1918  0   7.54  -0.09
1919  0   6.18  -1.45
1920  0   7.71   0.08
1921  0   7.24  -0.39
1922  0   6.46  -1.17
1923  0   6.51  -1.12
1924  0   7.33  -0.30
1925  0   7.89   0.27
1926  0   7.76   0.13
1927  0   7.23  -0.40
1928  0   7.17  -0.46
1929  0   7.09  -0.53
1930  0   8.55   0.92
1931  0   6.75  -0.88
1932  0   7.62  -0.01
1933  0   8.30   0.67
1934  0   8.59   0.96
1935  0   7.72   0.09
1936  0   8.32   0.69
1937  0   8.03   0.40
1938  0   8.35   0.72
1939  0   8.26   0.64
1940  0   7.16  -0.47
1941  0   7.02  -0.61
1942  0   6.52  -1.11
1943  0   8.22   0.60
1944  0   7.80   0.17
1945  0   8.30   0.68
1946  0   7.97   0.34
1947  0   8.00   0.38
1948  0   8.20   0.57
1949  0   8.15   0.52
1950  0   8.32   0.69
1951  0   7.64   0.01
1952  0   7.16  -0.47
1953  0   8.67   1.04
1954  0   7.76   0.13
1955  0   7.34  -0.29
1956  0   7.27  -0.35
1957  0   7.97   0.35
1958  0   7.44  -0.19
1959  0   8.60   0.98
1960  0   8.22   0.60
1961  0   8.28   0.65
1962  0   7.05  -0.58
1963  0   7.28  -0.34
1964  0   7.56  -0.07
1965  0   7.28  -0.35
1966  0   6.95  -0.68
1967  0   7.75   0.12
1968  0   7.52  -0.11
1969  0   7.46  -0.16
1970  0   7.14  -0.49
1971  0   7.81   0.18
1972  0   7.88   0.25
1973  0   7.43  -0.20
1974  0   8.61   0.99
1975  0   8.25   0.62
1976  0   7.53  -0.10
1977  0   7.52  -0.11
1978  0   7.42  -0.21
1979  0   6.44  -1.18
1980  0   7.71   0.09
1981  0   6.93  -0.70
1982  0   8.13   0.50
1983  0   7.83   0.20
1984  0   7.99   0.36
1985  0   6.85  -0.78
1986  0   7.17  -0.46
1987  0   7.27  -0.36
1988  0   8.26   0.63
1989  0   8.50   0.87
1990  0   8.94   1.31
1991  0   8.22   0.59
1992  0   8.55   0.93
1993  0   7.59  -0.04
1994  0   7.73   0.10
1995  0   7.78   0.15
1996  0   7.21  -0.42
1997  0   8.62   0.99
1998  0   7.99   0.36
1999  0   8.61   0.98
2000  0   8.85   1.22
2001  0   7.74   0.11
2002  0   8.75   1.12
2003  0   8.77   1.14
2004  0   8.59   0.96
2005  0   8.44   0.81
2006  0   9.36   1.73
2007  0   8.44   0.81
2008  0   8.90   1.27
2009  0   8.64   1.01
2010  0   6.41  -1.22
2011  0   8.82   1.19
2012  0   7.86   0.24
2013  0   8.01   0.39
2014  0   9.93   2.30
2015  0   8.77   1.14
2016  0   8.64   1.01
2017  0   8.66   1.03
2018  0   8.74   1.11
2019  0   8.85   1.23
2020  0   9.46   1.83
2021  0   8.50   0.88
2022  0   8.93   1.30
