1899  -999.99  -999.99  -999.99  -999.99  -999.99  -999.99  -999.99  -999.99  -999.99  -999.99  -999.99    45.08
1900    38.94    35.05    28.34    52.95    35.14    49.01    86.60   111.27    31.39    80.82    60.38    51.86
1901    25.72    23.31    37.61    26.33    54.59    72.46    25.08    85.73    29.20   124.81    26.98    86.31
1902    52.01    15.75    47.02    11.74    40.60    13.75    92.31   149.49    31.95    55.65    27.85    31.81
1903    43.48    59.25    91.35    42.45    60.56    42.66    71.64   127.01    46.96   119.30    45.78    62.69
1904    42.78    39.54    36.17    54.86    41.27    22.65    20.52    76.12    29.15    57.67    33.36    42.88
1905    40.46    34.65    62.45    33.13    33.48    71.37    54.85    98.13    80.24    48.61    50.28    29.48
1906    53.10    45.49    43.15    29.39   102.09    25.82    53.63   117.60    38.77    85.00    64.60    40.44
1907    42.30    48.05    33.91    33.13    59.53    90.93    90.03    81.91    37.43   132.30    48.04    78.80
1908    27.14    56.39    55.42    41.10    40.82    44.64   106.01   113.34    65.85    18.83    44.16    47.95
1909    38.14    13.91    48.84    46.02    45.86    65.55    82.36   134.85    55.65   152.63    36.51    90.19
1910    55.10    70.10    34.02    80.75    61.07    60.84    91.13   133.03    43.84    61.90   102.56    63.41
1911    39.73    40.99    33.08    42.87    31.93    53.52    26.91    28.59    70.00    64.77    52.62    83.82
1912    18.26    26.14    59.55    12.76    66.58    81.19    52.97   226.69    51.51    72.02    76.57    93.37
1913    36.66    31.15    53.65    37.35    45.42    41.49   101.90    60.57    37.83    27.42    96.64    69.07
1914    39.67    53.11    72.60    43.95    44.56    30.58    65.69    59.46    63.42    33.95    37.97   103.39
1915    73.95    50.68    27.53    38.50    10.11    22.22   165.60    88.84    55.17    14.66    66.37    49.68
1916    86.88    35.23    42.58    37.05    53.48   100.32    91.68    54.59    37.16   124.53   127.51    82.95
1917    13.61    15.26    31.41    44.59    16.08    68.25    38.14   150.16    67.25    78.07    55.02    33.49
1918    43.70    27.81     9.39    23.78    17.21    86.92   110.11    94.53   138.99    66.91    42.25    57.16
1919    75.12    11.07    43.19    42.06    17.47    62.37    65.03    76.93    71.86    30.11    54.01    32.18
1920    84.67    56.96    60.29    72.50    62.78    37.20   119.91   118.31    82.58     5.72    34.21    35.63
1921    73.47    31.35    31.30    13.21    74.71    31.20    50.54    89.48    34.78    49.95    30.79    55.70
1922    40.16    30.50    27.54    60.35    40.34    40.39   126.85   125.70    55.70    17.67    47.06    72.28
1923    67.38    15.65    31.71    22.56    68.02    28.71    48.35   100.21   124.62   135.56    62.67    30.08
1924    52.58    27.80    35.65    23.59    63.46    96.93   125.83   140.74   118.39    88.19    29.87    70.73
1925    58.29    72.13    23.86    30.90    94.94    35.30    74.38    81.23    93.43    75.19    50.08    56.78
1926    54.43    37.72    31.05    37.99    98.57    99.09    95.92    92.98    81.54    49.93   133.38    44.56
1927   114.34    42.94    82.30    35.91    36.16   120.95   105.50   126.50   118.28    92.56    32.79     9.24
1928    75.69    70.60    28.95    25.08    18.24    67.33    48.68   134.32    56.89   102.10    85.30    32.99
1929    25.52    17.74    14.89    23.57    56.02    48.87    47.47   139.16    45.74   150.10   108.58   113.62
1930    79.42    14.44    35.12    50.61    56.10    66.59   136.28    88.19    74.37    88.55    92.84    73.24
1931    54.83    58.46     9.58    45.18    73.25    31.46   112.39    77.73    23.11    55.06    91.33    51.61
1932    51.46    14.25    25.60    49.77    44.47    32.46   107.56    46.69    85.17   106.06    57.65    56.37
1933    43.95    56.57    26.68    10.75    35.64    74.56    81.21    66.59    40.30   105.98    10.72    16.57
1934    74.20    52.74    54.29    68.94    49.65    41.14    82.83   165.04   143.50    79.51    63.26   105.78
1935    52.09    50.45    29.70    57.98     6.82    94.65    71.00    39.24   127.89   141.29    97.46    94.75
1936   102.07    21.87    19.64    50.90    12.44    46.80   144.51    73.80    39.74    44.61    58.78    81.98
1937    56.19    45.14    60.00    77.62    74.76   102.28    75.34    37.59    92.04    47.73    31.72    70.43
1938    67.97    26.80    32.16    27.30    38.12    66.17   109.12    88.59   120.72   122.70    86.91    98.85
1939    76.53    53.61    22.17    41.07    17.77   110.07   186.04    82.25    20.68    18.92    91.91    36.05
1940    19.67    16.73    31.22    35.14    19.24    28.15   144.83    87.79   103.02    46.40    88.59    37.20
1941     9.69    28.71    25.44     7.89    14.77    40.34    91.00   163.94    35.58    65.46    27.63    63.41
1942    11.43    13.63    18.70    24.42    56.31    74.52    67.79    98.42    97.50   122.19    80.07    58.83
1943    54.89    68.41    29.28    42.43    63.71    58.07    72.15   107.29    56.90    69.30    83.13    34.20
1944    62.70    17.23    23.20    22.82    41.18   116.06    95.16    87.75   137.88    85.73    85.26    89.16
1945    33.30    51.66    34.27    27.96    91.26    89.55    49.06    51.38    55.72    52.06    25.46    84.93
1946    36.72    51.87    26.21    18.86    25.48   109.81    60.53   119.56   142.61    27.32    86.29    68.00
1947    40.65     4.04    42.14    48.29     9.83    62.63    79.10     6.07    69.13    21.79    73.15    25.12
1948    81.80    38.70    26.42    54.17    46.66    93.21    95.07   103.42   114.39    85.96    38.95    56.36
1949    76.26    32.85    25.48    41.88    94.53    64.03    61.26    71.57    66.65    92.10    85.16    74.52
1950    44.10    64.03    25.96    63.79    42.79   114.22   112.16   172.43    88.18    93.65    71.05    71.36
1951    52.50    84.72    34.95    60.43    11.67    57.37    62.90   233.73    64.54    26.14   104.76    81.49
1952    33.50    35.09    26.07    41.81    63.85    71.53    73.95    86.57    69.99    58.93    37.22    45.42
1953    31.14    27.78    13.00    61.05    64.37    99.73   131.18   120.29    83.74    54.30    81.53    46.49
1954    44.52    46.81    41.89    16.31    67.73    80.42   124.47    92.53    85.91    93.21    82.47    92.40
1955    32.67    25.17    16.48    28.75    60.50    28.94    31.15    28.67    85.03    72.70    47.29    59.46
1956    55.61    11.28    23.19    15.91    23.78    99.48    81.92   124.85    89.03    40.85    36.62    43.65
1957    56.90    47.16    33.41    17.34    46.11    75.92   144.61   114.94   117.28    51.87    65.13    34.46
1958    50.29    38.24     8.22    36.16    71.15    55.43    90.85    84.28    66.59   111.11    49.74    62.06
1959    67.65    18.87    44.19    79.29    24.72    31.79    58.90    54.96    24.52    93.55   113.39   124.62
1960    50.47    35.32    29.92    23.34    29.97   108.69   159.40    99.78    61.27    74.91   122.87    56.50
1961    43.40    39.47    43.91    15.86    50.65    57.87   100.30    94.58   105.09   149.48   100.28    52.43
1962    63.54    45.93    33.99    53.06    65.77    46.83    85.58   137.75    74.84    55.83    63.41    57.45
1963     9.38    11.27    21.12    39.69   113.21    76.01    83.18   165.81    90.81    66.40    98.72    15.41
1964    16.27    30.07     3.47    33.33    42.65   120.83    93.59   105.04    75.17   156.06    41.81    69.71
1965    74.02    19.46    22.96    57.60    39.06    85.68    86.12    89.98   157.01    27.02    46.11    66.02
1966    36.45    70.17    45.43    30.03    78.37    41.32    81.57   108.77    74.11    97.62    65.33   130.65
1967    52.27    60.24    70.85    37.53    99.75    51.42    54.20    98.85    81.24   162.99   103.95    82.15
1968    49.24    44.72    46.20    25.36    59.85    90.48    56.02    26.15   124.84   107.86    50.10    24.86
1969    90.36    19.48    13.01    64.21    43.88    38.58    72.86    53.72    85.92    49.38    79.14    30.21
1970    36.47    24.99    35.42    42.79    20.36    52.67   140.50    48.76    89.80    98.07   122.36    24.05
1971    50.61    48.99    45.42    29.59    54.39    72.35    91.92    41.79    49.24    63.80    69.73    59.72
1972    25.68    30.95    50.64    52.76    59.90   134.09    74.57    99.02    42.00    27.60    37.57    70.85
1973    31.04    37.85    16.74    38.91    77.31    53.59   132.38    57.81    85.40    19.49    67.20    64.57
1974    74.40    44.82    26.52     3.14    32.68    63.18    89.09    69.42   157.18    72.17    93.10    60.67
1975   127.79    14.44    22.56    21.38    38.65    24.02    55.43    47.91   107.96    76.72    64.38    70.85
1976    53.89    43.28    15.94    20.15    43.97    45.14    45.98    17.52    57.80   144.63    85.17    47.99
1977    62.20    33.19    40.39    59.70    28.42    90.46    69.41    61.42    60.65    65.09    95.63    62.67
1978    56.23    43.67    72.92    23.79    21.19    58.73   109.87    79.46    82.69    43.36    64.08    28.77
1979    24.65    15.44    82.34    54.89    68.03    63.05    95.70   126.92    65.55    67.11    93.25    58.68
1980    26.14    24.21    33.58    10.31    57.75   123.41    76.40    81.24    83.60   134.52    52.41    59.29
1981    34.24    25.05    59.10    13.30    61.68    85.70   102.15    26.26    80.58    91.53   108.75    37.39
1982    30.83    23.81    71.62    32.20    72.16    23.38    55.23    72.89   113.01    81.95   111.69    69.46
1983    69.90    21.95    50.49    60.36   128.70    35.50    36.11    42.50   132.12   102.66    36.95    49.97
1984    79.26    31.78    29.86    20.79    76.12    88.39    62.83    74.51    97.20   164.15    80.98    66.04
1985    54.47    32.91    59.63    54.96    27.72    86.84   118.18   142.25   102.48    44.95    54.86    72.03
1986    59.80     4.18    48.07    33.27    69.17    56.52    60.45   152.61    38.59    80.03    80.43   107.12
1987    28.13    34.08    56.68    24.29    54.69   140.23    44.74   104.10    94.59   183.62    78.44    29.26
1988   105.24    88.03    69.05    43.81    28.82    45.51   185.10   132.86   126.35    74.90    28.73    55.33
1989    49.72    86.02    59.83    58.08    29.06    70.60    40.63   127.70    35.64    60.37    67.78    44.88
1990    87.97   101.09    62.90    66.73    17.16    86.58    86.50    74.84    66.08    79.82    37.44    61.23
1991    52.27    20.38    52.70    26.04     8.96   110.70    56.41    44.01    73.60    60.80    89.70    50.18
1992    48.77    29.01    51.94    54.23    45.11    10.21    85.56   138.81    81.47    40.73   112.45    71.26
1993    83.22    38.90    17.73    22.12    60.88    37.12   128.84   112.80    35.01    92.83    59.07    83.30
1994    91.91    19.19    55.35    60.91    22.54    64.21    22.84   153.94    89.20    46.76    65.42    80.72
1995    82.24    73.78    56.74    36.63    52.97   110.00    70.07    27.60    98.61    66.11    29.69    13.76
1996    34.01    36.75     8.30    22.01    81.27    61.38    67.39    92.59    70.91    91.94    76.00    46.86
1997    20.89    69.80    36.71    26.48    89.27    72.24    67.46    86.37    86.61    68.68    61.93    66.51
1998    61.13    42.41    47.78    91.65    19.86   119.28    90.74    75.52   100.60    99.65    30.17    42.89
1999    75.60    49.96    91.39    51.92    35.24   135.95    71.66    45.27   113.59    73.37    50.97    88.90
2000    51.46    44.19    43.65    77.20    66.82    78.91   107.39    94.14    51.49   187.40   223.23    73.46
2001    75.54    32.83    34.10    77.13    37.74    59.12    93.70   104.18    77.89   130.56    51.05    49.84
2002    69.14    60.77    44.13    35.12   100.57    77.45   115.83    44.96    49.61    82.56    56.42    32.79
2003    57.97    24.55    25.22    40.69   100.93    75.80    95.14    84.60    78.68    31.37    61.13    69.86
2004    73.03    36.46    31.46    49.30    52.72    90.44    68.79   111.61    93.31    91.78    74.76    44.62
2005    82.77    19.92    29.15    27.53    68.22    61.51    82.53    93.41    45.81    77.85    95.80    45.07
2006    44.72    56.45    37.28    41.50    85.99    36.85    52.04   138.69    72.36   143.42   115.56    79.87
2007    95.70    48.69    38.89    25.38    65.93    76.66   145.45    74.86    67.11    32.85    66.39    81.25
2008   122.93    65.11    77.69    51.77    55.10    64.51    72.25   124.16    46.82   101.37    72.75    40.33
2009    69.20    48.87    47.18    34.88    54.86    42.08   149.41   129.08    44.99    54.08   118.88    57.49
2010    19.54    28.01    34.59    35.77    45.51    74.44    98.37   126.64    82.34    80.79    25.43    26.35
2011    59.38    45.06    30.88    35.95    75.25   141.97   155.44   163.53   130.50    61.48    40.87    84.77
2012    63.81    25.37    25.41    73.79    54.56    83.42   126.50   120.40    60.20    95.41    94.31    62.26
2013    35.67    21.93    12.49    38.67   141.67   139.05    28.46   133.93    62.42    77.32    50.21   112.09
2014    77.86    90.51    51.23    38.06    57.07    42.84    84.37   120.63    41.34   154.14    92.71    44.22
2015    95.86    30.74    50.13    21.57   102.62    58.90   110.21    99.43   152.73    14.96    68.59    81.16
2016    58.45    47.39    45.75    50.21    69.23    50.64    93.91   102.16    63.27    25.39    89.27    44.36
2017    35.04    37.22    39.25    45.82    70.15    90.13    79.85   116.71   106.31   117.05    84.18    62.96
2018    91.48    43.91    21.92    44.06    31.94    43.84    51.03   109.72   120.98    50.28    76.84    72.57
2019    56.05    52.90    74.81    12.65   103.87   103.29    66.83   117.07   109.18    99.38    98.54    74.41
2020    69.33    67.94    56.19    28.04    33.79    93.15   117.03    53.51    82.29   142.42  -999.99  -999.99
